Round 1 Value Round 2 Value Round 3 Value Round 4 Value Round 5 Value Round 6 Value Round 7 Value
1 917 3 1 255 6 1 175 9 1 128 121 8 8 151 7 9 181 6 7
2 871 3 2 246 6 2 176 9 2 125 122 8 8 152 7 9 182 6 6
3 826 3 3 237 6 3 176 9 3 122 123 8 7 153 7 9 183 6 6
4 783 3 4 228 6 4 177 9 4 119 124 8 7 154 7 8 184 6 5
5 741 3 5 222 6 5 177 9 5 117 125 8 6 155 7 8 185 6 5
6 702 3 6 217 6 6 177 9 6 114 126 8 6 156 7 8 186 6 4
7 665 3 7 213 6 7 176 9 7 113 127 8 5 157 7 7 187 6 4
8 629 3 8 211 6 8 176 9 8 111 128 8 5 158 7 7 188 6 3
9 596 3 9 209 6 9 174 9 9 109 129 8 5 159 7 7 189 6 3
1 0 565 4 0 208 7 0 173 100 107 130 8 5 160 7 7 190 6 2
1 1 535 4 1 206 7 1 171 101 106 131 8 4 161 7 6 191 6 2
1 2 507 4 2 203 7 2 169 102 104 132 8 4 162 7 6 192 6 1
1 3 481 4 3 199 7 3 167 103 103 133 8 4 163 7 6 193 6 0
1 4 456 4 4 196 7 4 165 104 101 134 8 4 164 7 5 194 6 0
1 5 433 4 5 192 7 5 164 105 9 9 135 8 4 165 7 5 195 5 9
1 6 413 4 6 189 7 6 162 106 9 8 136 8 4 166 7 5 196 5 9
1 7 395 4 7 188 7 7 160 107 9 7 137 8 3 167 7 4 197 5 8
1 8 379 4 8 186 7 8 158 108 9 5 138 8 3 168 7 4 198 5 8
1 9 364 4 9 186 7 9 156 109 9 4 139 8 3 169 7 3 199 5 7
2 0 350 5 0 185 8 0 155 110 9 3 140 8 3 170 7 3 200 5 7
2 1 336 5 1 185 8 1 153 111 9 2 141 8 2 171 7 2 201 5 6
2 2 324 5 2 184 8 2 151 112 9 1 142 8 2 172 7 2 202 5 5
2 3 315 5 3 183 8 3 149 113 9 0 143 8 2 173 7 1 203 5 5
2 4 308 5 4 182 8 4 147 114 8 9 144 8 2 174 7 0 204 5 4
2 5 302 5 5 180 8 5 145 115 8 9 145 8 1 175 7 0 205 5 4
2 6 297 5 6 178 8 6 142 116 8 9 146 8 1 176 6 9 206 5 3
2 7 291 5 7 176 8 7 140 117 8 9 147 8 1 177 6 9 207 5 3
2 8 283 5 8 176 8 8 137 118 8 8 148 8 0 178 6 8 208 5 2
2 9 275 5 9 175 8 9 134 119 8 8 149 8 0 179 6 8 209 5 2
3 0 265